 1 01 2000
 2 01 2000
 3 01 2000
 4 01 2000
 5 01 2000
 6 01 2000
 7 01 2000
 8 01 2000
 9 01 2000
 10 01 2000
 11 01 2000
 12 01 2000
 13 01 2000
 14 01 2000
 15 01 2000
 16 01 2000
 17 01 2000
 18 01 2000
 19 01 2000
 20 01 2000
 21 01 2000
 22 01 2000
 23 01 2000
 24 01 2000
 25 01 2000
 26 01 2000
 27 01 2000
 28 01 2000
 29 01 2000
 30 01 2000
 31 01 2000
 32 02 2000
 33 02 2000
 34 02 2000
 35 02 2000
 36 02 2000
 37 02 2000
 38 02 2000
 39 02 2000
 40 02 2000
 41 02 2000
 42 02 2000
 43 02 2000
 44 02 2000
 45 02 2000
 46 02 2000
 47 02 2000
 48 02 2000
 49 02 2000
 50 02 2000
 51 02 2000
 52 02 2000
 53 02 2000
 54 02 2000
 55 02 2000
 56 02 2000
 57 02 2000
 58 02 2000
 59 02 2000
 60 02 2000
 61 03 2000
 62 03 2000
 63 03 2000
 64 03 2000
 65 03 2000
 66 03 2000
 67 03 2000
 68 03 2000
 69 03 2000
 70 03 2000
 71 03 2000
 72 03 2000
 73 03 2000
 74 03 2000
 75 03 2000
 76 03 2000
 77 03 2000
 78 03 2000
 79 03 2000
 80 03 2000
 81 03 2000
 82 03 2000
 83 03 2000
 84 03 2000
 85 03 2000
 86 03 2000
 87 03 2000
 88 03 2000
 89 03 2000
 90 03 2000
 91 03 2000
 92 04 2000
 93 04 2000
 94 04 2000
 95 04 2000
 96 04 2000
 97 04 2000
 98 04 2000
 99 04 2000
 100 04 2000
 101 04 2000
 102 04 2000
 103 04 2000
 104 04 2000
 105 04 2000
 106 04 2000
 107 04 2000
 108 04 2000
 109 04 2000
 110 04 2000
 111 04 2000
 112 04 2000
 113 04 2000
 114 04 2000
 115 04 2000
 116 04 2000
 117 04 2000
 118 04 2000
 119 04 2000
 120 04 2000
 121 04 2000
 122 05 2000
 123 05 2000
 124 05 2000
 125 05 2000
 126 05 2000
 127 05 2000
 128 05 2000
 129 05 2000
 130 05 2000
 131 05 2000
 132 05 2000
 133 05 2000
 134 05 2000
 135 05 2000
 136 05 2000
 137 05 2000
 138 05 2000
 139 05 2000
 140 05 2000
 141 05 2000
 142 05 2000
 143 05 2000
 144 05 2000
 145 05 2000
 146 05 2000
 147 05 2000
 148 05 2000
 149 05 2000
 150 05 2000
 151 05 2000
 152 05 2000
 153 06 2000
 154 06 2000
 155 06 2000
 156 06 2000
 157 06 2000
 158 06 2000
 159 06 2000
 160 06 2000
 161 06 2000
 162 06 2000
 163 06 2000
 164 06 2000
 165 06 2000
 166 06 2000
 167 06 2000
 168 06 2000
 169 06 2000
 170 06 2000
 171 06 2000
 172 06 2000
 173 06 2000
 174 06 2000
 175 06 2000
 176 06 2000
 177 06 2000
 178 06 2000
 179 06 2000
 180 06 2000
 181 06 2000
 182 06 2000
 183 07 2000
 184 07 2000
 185 07 2000
 186 07 2000
 187 07 2000
 188 07 2000
 189 07 2000
 190 07 2000
 191 07 2000
 192 07 2000
 193 07 2000
 194 07 2000
 195 07 2000
 196 07 2000
 197 07 2000
 198 07 2000
 199 07 2000
 200 07 2000
 201 07 2000
 202 07 2000
 203 07 2000
 204 07 2000
 205 07 2000
 206 07 2000
 207 07 2000
 208 07 2000
 209 07 2000
 210 07 2000
 211 07 2000
 212 07 2000
 213 07 2000
 214 08 2000
 215 08 2000
 216 08 2000
 217 08 2000
 218 08 2000
 219 08 2000
 220 08 2000
 221 08 2000
 222 08 2000
 223 08 2000
 224 08 2000
 225 08 2000
 226 08 2000
 227 08 2000
 228 08 2000
 229 08 2000
 230 08 2000
 231 08 2000
 232 08 2000
 233 08 2000
 234 08 2000
 235 08 2000
 236 08 2000
 237 08 2000
 238 08 2000
 239 08 2000
 240 08 2000
 241 08 2000
 242 08 2000
 243 08 2000
 244 08 2000
 245 09 2000
 246 09 2000
 247 09 2000
 248 09 2000
 249 09 2000
 250 09 2000
 251 09 2000
 252 09 2000
 253 09 2000
 254 09 2000
 255 09 2000
 256 09 2000
 257 09 2000
 258 09 2000
 259 09 2000
 260 09 2000
 261 09 2000
 262 09 2000
 263 09 2000
 264 09 2000
 265 09 2000
 266 09 2000
 267 09 2000
 268 09 2000
 269 09 2000
 270 09 2000
 271 09 2000
 272 09 2000
 273 09 2000
 274 09 2000
 275 10 2000
 276 10 2000
 277 10 2000
 278 10 2000
 279 10 2000
 280 10 2000
 281 10 2000
 282 10 2000
 283 10 2000
 284 10 2000
 285 10 2000
 286 10 2000
 287 10 2000
 288 10 2000
 289 10 2000
 290 10 2000
 291 10 2000
 292 10 2000
 293 10 2000
 294 10 2000
 295 10 2000
 296 10 2000
 297 10 2000
 298 10 2000
 299 10 2000
 300 10 2000
 301 10 2000
 302 10 2000
 303 10 2000
 304 10 2000
 305 10 2000
 306 11 2000
 307 11 2000
 308 11 2000
 309 11 2000
 310 11 2000
 311 11 2000
 312 11 2000
 313 11 2000
 314 11 2000
 315 11 2000
 316 11 2000
 317 11 2000
 318 11 2000
 319 11 2000
 320 11 2000
 321 11 2000
 322 11 2000
 323 11 2000
 324 11 2000
 325 11 2000
 326 11 2000
 327 11 2000
 328 11 2000
 329 11 2000
 330 11 2000
 331 11 2000
 332 11 2000
 333 11 2000
 334 11 2000
 335 11 2000
 336 12 2000
 337 12 2000
 338 12 2000
 339 12 2000
 340 12 2000
 341 12 2000
 342 12 2000
 343 12 2000
 344 12 2000
 345 12 2000
 346 12 2000
 347 12 2000
 348 12 2000
 349 12 2000
 350 12 2000
 351 12 2000
 352 12 2000
 353 12 2000
 354 12 2000
 355 12 2000
 356 12 2000
 357 12 2000
 358 12 2000
 359 12 2000
 360 12 2000
 361 12 2000
 362 12 2000
 363 12 2000
 364 12 2000
 365 12 2000
 366 12 2000
 367 01 2001
 368 01 2001
 369 01 2001
 370 01 2001
 371 01 2001
 372 01 2001
 373 01 2001
 374 01 2001
 375 01 2001
 376 01 2001
 377 01 2001
 378 01 2001
 379 01 2001
 380 01 2001
 381 01 2001
 382 01 2001
 383 01 2001
 384 01 2001
 385 01 2001
 386 01 2001
 387 01 2001
 388 01 2001
 389 01 2001
 390 01 2001
 391 01 2001
 392 01 2001
 393 01 2001
 394 01 2001
 395 01 2001
 396 01 2001
 397 01 2001
 398 02 2001
 399 02 2001
 400 02 2001
 401 02 2001
 402 02 2001
 403 02 2001
 404 02 2001
 405 02 2001
 406 02 2001
 407 02 2001
 408 02 2001
 409 02 2001
 410 02 2001
 411 02 2001
 412 02 2001
 413 02 2001
 414 02 2001
 415 02 2001
 416 02 2001
 417 02 2001
 418 02 2001
 419 02 2001
 420 02 2001
 421 02 2001
 422 02 2001
 423 02 2001
 424 02 2001
 425 02 2001
 426 03 2001
 427 03 2001
 428 03 2001
 429 03 2001
 430 03 2001
 431 03 2001
 432 03 2001
 433 03 2001
 434 03 2001
 435 03 2001
 436 03 2001
 437 03 2001
 438 03 2001
 439 03 2001
 440 03 2001
 441 03 2001
 442 03 2001
 443 03 2001
 444 03 2001
 445 03 2001
 446 03 2001
 447 03 2001
 448 03 2001
 449 03 2001
 450 03 2001
 451 03 2001
 452 03 2001
 453 03 2001
 454 03 2001
 455 03 2001
 456 03 2001
 457 04 2001
 458 04 2001
 459 04 2001
 460 04 2001
 461 04 2001
 462 04 2001
 463 04 2001
 464 04 2001
 465 04 2001
 466 04 2001
 467 04 2001
 468 04 2001
 469 04 2001
 470 04 2001
 471 04 2001
 472 04 2001
 473 04 2001
 474 04 2001
 475 04 2001
 476 04 2001
 477 04 2001
 478 04 2001
 479 04 2001
 480 04 2001
 481 04 2001
 482 04 2001
 483 04 2001
 484 04 2001
 485 04 2001
 486 04 2001
 487 05 2001
 488 05 2001
 489 05 2001
 490 05 2001
 491 05 2001
 492 05 2001
 493 05 2001
 494 05 2001
 495 05 2001
 496 05 2001
 497 05 2001
 498 05 2001
 499 05 2001
 500 05 2001
 501 05 2001
 502 05 2001
 503 05 2001
 504 05 2001
 505 05 2001
 506 05 2001
 507 05 2001
 508 05 2001
 509 05 2001
 510 05 2001
 511 05 2001
 512 05 2001
 513 05 2001
 514 05 2001
 515 05 2001
 516 05 2001
 517 05 2001
 518 06 2001
 519 06 2001
 520 06 2001
 521 06 2001
 522 06 2001
 523 06 2001
 524 06 2001
 525 06 2001
 526 06 2001
 527 06 2001
 528 06 2001
 529 06 2001
 530 06 2001
 531 06 2001
 532 06 2001
 533 06 2001
 534 06 2001
 535 06 2001
 536 06 2001
 537 06 2001
 538 06 2001
 539 06 2001
 540 06 2001
 541 06 2001
 542 06 2001
 543 06 2001
 544 06 2001
 545 06 2001
 546 06 2001
 547 06 2001
 548 07 2001
 549 07 2001
 550 07 2001
 551 07 2001
 552 07 2001
 553 07 2001
 554 07 2001
 555 07 2001
 556 07 2001
 557 07 2001
 558 07 2001
 559 07 2001
 560 07 2001
 561 07 2001
 562 07 2001
 563 07 2001
 564 07 2001
 565 07 2001
 566 07 2001
 567 07 2001
 568 07 2001
 569 07 2001
 570 07 2001
 571 07 2001
 572 07 2001
 573 07 2001
 574 07 2001
 575 07 2001
 576 07 2001
 577 07 2001
 578 07 2001
 579 08 2001
 580 08 2001
 581 08 2001
 582 08 2001
 583 08 2001
 584 08 2001
 585 08 2001
 586 08 2001
 587 08 2001
 588 08 2001
 589 08 2001
 590 08 2001
 591 08 2001
 592 08 2001
 593 08 2001
 594 08 2001
 595 08 2001
 596 08 2001
 597 08 2001
 598 08 2001
 599 08 2001
 600 08 2001
 601 08 2001
 602 08 2001
 603 08 2001
 604 08 2001
 605 08 2001
 606 08 2001
 607 08 2001
 608 08 2001
 609 08 2001
 610 09 2001
 611 09 2001
 612 09 2001
 613 09 2001
 614 09 2001
 615 09 2001
 616 09 2001
 617 09 2001
 618 09 2001
 619 09 2001
 620 09 2001
 621 09 2001
 622 09 2001
 623 09 2001
 624 09 2001
 625 09 2001
 626 09 2001
 627 09 2001
 628 09 2001
 629 09 2001
 630 09 2001
 631 09 2001
 632 09 2001
 633 09 2001
 634 09 2001
 635 09 2001
 636 09 2001
 637 09 2001
 638 09 2001
 639 09 2001
 640 10 2001
 641 10 2001
 642 10 2001
 643 10 2001
 644 10 2001
 645 10 2001
 646 10 2001
 647 10 2001
 648 10 2001
 649 10 2001
 650 10 2001
 651 10 2001
 652 10 2001
 653 10 2001
 654 10 2001
 655 10 2001
 656 10 2001
 657 10 2001
 658 10 2001
 659 10 2001
 660 10 2001
 661 10 2001
 662 10 2001
 663 10 2001
 664 10 2001
 665 10 2001
 666 10 2001
 667 10 2001
 668 10 2001
 669 10 2001
 670 10 2001
 671 11 2001
 672 11 2001
 673 11 2001
 674 11 2001
 675 11 2001
 676 11 2001
 677 11 2001
 678 11 2001
 679 11 2001
 680 11 2001
 681 11 2001
 682 11 2001
 683 11 2001
 684 11 2001
 685 11 2001
 686 11 2001
 687 11 2001
 688 11 2001
 689 11 2001
 690 11 2001
 691 11 2001
 692 11 2001
 693 11 2001
 694 11 2001
 695 11 2001
 696 11 2001
 697 11 2001
 698 11 2001
 699 11 2001
 700 11 2001
 701 12 2001
 702 12 2001
 703 12 2001
 704 12 2001
 705 12 2001
 706 12 2001
 707 12 2001
 708 12 2001
 709 12 2001
 710 12 2001
 711 12 2001
 712 12 2001
 713 12 2001
 714 12 2001
 715 12 2001
 716 12 2001
 717 12 2001
 718 12 2001
 719 12 2001
 720 12 2001
 721 12 2001
 722 12 2001
 723 12 2001
 724 12 2001
 725 12 2001
 726 12 2001
 727 12 2001
 728 12 2001
 729 12 2001
 730 12 2001
 731 12 2001
 732 01 2002
 733 01 2002
 734 01 2002
 735 01 2002
 736 01 2002
 737 01 2002
 738 01 2002
 739 01 2002
 740 01 2002
 741 01 2002
 742 01 2002
 743 01 2002
 744 01 2002
 745 01 2002
 746 01 2002
 747 01 2002
 748 01 2002
 749 01 2002
 750 01 2002
 751 01 2002
 752 01 2002
 753 01 2002
 754 01 2002
 755 01 2002
 756 01 2002
 757 01 2002
 758 01 2002
 759 01 2002
 760 01 2002
 761 01 2002
 762 01 2002
 763 02 2002
 764 02 2002
 765 02 2002
 766 02 2002
 767 02 2002
 768 02 2002
 769 02 2002
 770 02 2002
 771 02 2002
 772 02 2002
 773 02 2002
 774 02 2002
 775 02 2002
 776 02 2002
 777 02 2002
 778 02 2002
 779 02 2002
 780 02 2002
 781 02 2002
 782 02 2002
 783 02 2002
 784 02 2002
 785 02 2002
 786 02 2002
 787 02 2002
 788 02 2002
 789 02 2002
 790 02 2002
 791 03 2002
 792 03 2002
 793 03 2002
 794 03 2002
 795 03 2002
 796 03 2002
 797 03 2002
 798 03 2002
 799 03 2002
 800 03 2002
 801 03 2002
 802 03 2002
 803 03 2002
 804 03 2002
 805 03 2002
 806 03 2002
 807 03 2002
 808 03 2002
 809 03 2002
 810 03 2002
 811 03 2002
 812 03 2002
 813 03 2002
 814 03 2002
 815 03 2002
 816 03 2002
 817 03 2002
 818 03 2002
 819 03 2002
 820 03 2002
 821 03 2002
 822 04 2002
 823 04 2002
 824 04 2002
 825 04 2002
 826 04 2002
 827 04 2002
 828 04 2002
 829 04 2002
 830 04 2002
 831 04 2002
 832 04 2002
 833 04 2002
 834 04 2002
 835 04 2002
 836 04 2002
 837 04 2002
 838 04 2002
 839 04 2002
 840 04 2002
 841 04 2002
 842 04 2002
 843 04 2002
 844 04 2002
 845 04 2002
 846 04 2002
 847 04 2002
 848 04 2002
 849 04 2002
 850 04 2002
 851 04 2002
 852 05 2002
 853 05 2002
 854 05 2002
 855 05 2002
 856 05 2002
 857 05 2002
 858 05 2002
 859 05 2002
 860 05 2002
 861 05 2002
 862 05 2002
 863 05 2002
 864 05 2002
 865 05 2002
 866 05 2002
 867 05 2002
 868 05 2002
 869 05 2002
 870 05 2002
 871 05 2002
 872 05 2002
 873 05 2002
 874 05 2002
 875 05 2002
 876 05 2002
 877 05 2002
 878 05 2002
 879 05 2002
 880 05 2002
 881 05 2002
 882 05 2002
 883 06 2002
 884 06 2002
 885 06 2002
 886 06 2002
 887 06 2002
 888 06 2002
 889 06 2002
 890 06 2002
 891 06 2002
 892 06 2002
 893 06 2002
 894 06 2002
 895 06 2002
 896 06 2002
 897 06 2002
 898 06 2002
 899 06 2002
 900 06 2002
 901 06 2002
 902 06 2002
 903 06 2002
 904 06 2002
 905 06 2002
 906 06 2002
 907 06 2002
 908 06 2002
 909 06 2002
 910 06 2002
 911 06 2002
 912 06 2002
 913 07 2002
 914 07 2002
 915 07 2002
 916 07 2002
 917 07 2002
 918 07 2002
 919 07 2002
 920 07 2002
 921 07 2002
 922 07 2002
 923 07 2002
 924 07 2002
 925 07 2002
 926 07 2002
 927 07 2002
 928 07 2002
 929 07 2002
 930 07 2002
 931 07 2002
 932 07 2002
 933 07 2002
 934 07 2002
 935 07 2002
 936 07 2002
 937 07 2002
 938 07 2002
 939 07 2002
 940 07 2002
 941 07 2002
 942 07 2002
 943 07 2002
 944 08 2002
 945 08 2002
 946 08 2002
 947 08 2002
 948 08 2002
 949 08 2002
 950 08 2002
 951 08 2002
 952 08 2002
 953 08 2002
 954 08 2002
 955 08 2002
 956 08 2002
 957 08 2002
 958 08 2002
 959 08 2002
 960 08 2002
 961 08 2002
 962 08 2002
 963 08 2002
 964 08 2002
 965 08 2002
 966 08 2002
 967 08 2002
 968 08 2002
 969 08 2002
 970 08 2002
 971 08 2002
 972 08 2002
 973 08 2002
 974 08 2002
 975 09 2002
 976 09 2002
 977 09 2002
 978 09 2002
 979 09 2002
 980 09 2002
 981 09 2002
 982 09 2002
 983 09 2002
 984 09 2002
 985 09 2002
 986 09 2002
 987 09 2002
 988 09 2002
 989 09 2002
 990 09 2002
 991 09 2002
 992 09 2002
 993 09 2002
 994 09 2002
 995 09 2002
 996 09 2002
 997 09 2002
 998 09 2002
 999 09 2002
 1000 09 2002