0 0 2.5
0 1 2.5
0 2 3.0
0 3 4.0
0 4 3.5
0 5 2.0
0 6 2.0
0 7 3.0
0 8 3.0
0 9 3.0
1 0 2.5
1 1 2.0
1 2 3.0
1 3 4.0
1 4 4.0
1 5 4.0
1 6 2.0
1 7 3.5
1 8 3.5
1 9 3.0
2 0 4.0
2 1 2.5
2 2 2.0
2 3 3.5
2 4 3.5
2 5 3.0
2 6 3.0
2 7 2.5
2 8 4.0
2 9 3.5
3 0 2.0
3 1 4.0
3 2 4.0
3 3 2.5
3 4 3.5
3 5 2.0
3 6 2.5
3 7 3.0
3 8 3.0
3 9 2.0
4 0 2.0
4 1 4.0
4 2 2.0
4 3 3.5
4 4 2.5
4 5 3.5
4 6 2.0
4 7 2.5
4 8 2.0
4 9 3.5
5 0 2.0
5 1 2.5
5 2 4.0
5 3 2.5
5 4 4.0
5 5 3.0
5 6 2.5
5 7 4.0
5 8 3.0
5 9 3.5
6 0 2.5
6 1 3.0
6 2 3.5
6 3 3.5
6 4 2.0
6 5 2.0
6 6 3.0
6 7 4.0
6 8 3.5
6 9 3.5
7 0 2.5
7 1 2.0
7 2 3.5
7 3 2.0
7 4 3.0
7 5 4.0
7 6 3.5
7 7 3.5
7 8 3.5
7 9 2.5
8 0 3.5
8 1 3.5
8 2 2.0
8 3 4.0
8 4 4.0
8 5 3.0
8 6 2.5
8 7 2.5
8 8 4.0
8 9 4.0
9 0 3.0
9 1 3.5
9 2 2.0
9 3 2.0
9 4 3.5
9 5 4.0
9 6 4.0
9 7 4.0
9 8 2.0
9 9 2.5
10 0 3.0
10 1 3.5
10 2 2.0
10 3 2.5
10 4 3.5
10 5 2.0
10 6 2.5
10 7 2.5
10 8 2.0
10 9 3.5
11 0 2.0
11 1 4.0
11 2 4.0
11 3 4.0
11 4 3.5
11 5 4.0
11 6 3.5
11 7 4.0
11 8 3.0
11 9 4.0
12 0 3.5
12 1 3.0
12 2 3.0
12 3 2.5
12 4 4.0
12 5 3.5
12 6 3.5
12 7 4.0
12 8 2.5
12 9 3.0
13 0 3.0
13 1 3.5
13 2 2.5
13 3 2.5
13 4 2.0
13 5 3.0
13 6 3.0
13 7 2.5
13 8 3.5
13 9 3.5
14 0 3.5
14 1 3.0
14 2 2.5
14 3 3.5
14 4 2.5
14 5 3.0
14 6 3.0
14 7 3.0
14 8 2.0
14 9 2.5
15 0 2.5
15 1 3.5
15 2 2.5
15 3 4.0
15 4 2.5
15 5 2.5
15 6 2.0
15 7 3.5
15 8 3.0
15 9 4.0
16 0 4.0
16 1 2.5
16 2 2.5
16 3 2.5
16 4 4.0
16 5 2.0
16 6 2.5
16 7 4.0
16 8 2.5
16 9 3.5
17 0 4.0
17 1 3.5
17 2 2.0
17 3 3.5
17 4 4.0
17 5 3.5
17 6 2.0
17 7 4.0
17 8 3.5
17 9 3.0
18 0 3.0
18 1 2.5
18 2 3.0
18 3 2.5
18 4 2.0
18 5 3.5
18 6 3.0
18 7 4.0
18 8 3.0
18 9 3.0
19 0 2.0
19 1 3.5
19 2 3.0
19 3 2.5
19 4 2.0
19 5 4.0
19 6 4.0
19 7 2.0
19 8 2.5
19 9 3.5
20 0 3.0
20 1 2.5
20 2 2.5
20 3 2.5
20 4 3.0
20 5 2.0
20 6 3.5
20 7 3.0
20 8 4.0
20 9 2.5
21 0 3.5
21 1 2.5
21 2 3.5
21 3 4.0
21 4 2.0
21 5 2.0
21 6 4.0
21 7 2.0
21 8 2.5
21 9 4.0
22 0 2.0
22 1 2.0
22 2 2.0
22 3 3.0
22 4 2.0
22 5 3.5
22 6 3.5
22 7 2.5
22 8 4.0
22 9 2.5
23 0 4.0
23 1 2.5
23 2 3.0
23 3 3.5
23 4 3.0
23 5 4.0
23 6 4.0
23 7 2.5
23 8 3.5
23 9 4.0
24 0 3.5
24 1 2.0
24 2 2.0
24 3 3.5
24 4 3.0
24 5 2.0
24 6 4.0
24 7 3.0
24 8 2.0
24 9 3.5
25 0 2.0
25 1 2.0
25 2 2.0
25 3 4.0
25 4 2.0
25 5 2.5
25 6 2.0
25 7 2.5
25 8 4.0
25 9 3.0
26 0 3.0
26 1 3.5
26 2 3.5
26 3 4.0
26 4 3.5
26 5 4.0
26 6 4.0
26 7 2.5
26 8 3.5
26 9 2.0
27 0 2.5
27 1 2.5
27 2 4.0
27 3 2.0
27 4 4.0
27 5 2.5
27 6 2.5
27 7 2.0
27 8 3.5
27 9 2.5
28 0 3.5
28 1 3.0
28 2 2.0
28 3 3.0
28 4 2.0
28 5 4.0
28 6 3.5
28 7 4.0
28 8 3.0
28 9 4.0
29 0 2.0
29 1 4.0
29 2 2.0
29 3 4.0
29 4 2.0
29 5 3.5
29 6 3.5
29 7 3.5
29 8 4.0
29 9 3.0
